USW00014757  41.6267  -73.8842   50.6 NY POUGHKEEPSIE DUTCHESS CO AP        HCN       TRADITIONAL  

USW00014757 1981   197   1377     39   1020   1224    968    965    162    716   1046    324    918 
USW00014757 1982   956    801    706    923    755   2132    909    981    543    407    761    238 
USW00014757 1983   945    566   1878   2161   1738   1023    326   1016    600    906   1245   1676 
USW00014757 1984   338    856    941   1306   2918    402   1405    482    213    559    519    673 
USW00014757 1985   255    519    655    436   1066    848   1185   1189   1349    435   1553    567 
USW00014757 1986   885    895    751    427    533   1493   2286    722    118    638   1328    833 
USW00014757 1987   928     82    793   1644    564    599   1147    961   1674   1193    322    381 
USW00014757 1988   536    756    410    347   1144     76   2156   1152    491    379   1804    224 
USW00014757 1989   436    581    763    707   3002   1831    414    925   1705   1662    472    258 
USW00014757 1990  1042    888    827    777   1535    835    838   2008    303   1487    687   1271 
USW00014757 1991   381    494    972    910   1283    561    691   1249   1223   1034    941    770 
USW00014757 1992   432    537F   783    791    719    849   1824    714    504    333   1169   1059 
USW00014757 1993   622F   770F  1252F  1581F   264F   789F   617F   649F  1659F  1099F   994F  1066F
USW00014757 1994  1054F   568F  1172    933   1147F  1296F  1304   1464F   780F   516    924    876 
USW00014757 1995  1142    639    853F   499F   720F   421F  1154F   458    838   2537   1373    667 
USW00014757 1996  1885    561    830   1580    942   1030   2907    353   1508   1364F   655   1801 
USW00014757 1997   682    374   1043   1234    874F   649F   936F  1150    510    419F  1528    890 
USW00014757 1998   945    646   1060   1081   1607   1744F   998F   679    596F   917    420F   270 
USW00014757 1999  1566    642   1363    398    927F   383    750F  1072   2328F   883    611    528 
USW00014757 2000   751    843    922   1243   1437F  1786   1971F  1340    940    484F   667   1229 
USW00014757 2001   554    572   1244     28    685   1177    725    823    981F   200    217    528 
USW00014757 2002   367    198    780   1099   1803   1323   1074   1124    755   2059   1376F  1250F
USW00014757 2003   942    927    940    462F  1040   1431F  1040F  1641   2098F  1418F  1186   1848 
USW00014757 2004   648    474    547    831    662    722   1191   1634F  2247    618F   783   1031 
USW00014757 2005  1001    483F  1260F   887    665F   877F   796    440    183   3741F  1194    846 
USW00014757 2006  1327    363    172F  1198   1064   2071F   666F  1531   1597   1453F  1124F   484 
USW00014757 2007   797    341    627   2054    316    659F  1410    933F   637   1715F   956   1200 
USW00014757 2008   504   1922   1588   1021    781F  1541   1118    871   1931F   998F   304   1616F
USW00014757 2009   578F   179F   394F   490   1143F  2352   1623   1257    432   1383F   372    952 
USW00014757 2010   519   1280F  1156    443    450    484    356   1784    925    780    613    642 